-15.918633333333332 -5.71175
-15.916616666666668 -5.713099999999999
-15.915033333333334 -5.713316666666667
-15.815266666666666 -5.731166666666667
-13.465216666666667 -8.270733333333334
-11.168416666666667 -10.995333333333333
-10.1968 -12.906949999999998
-9.222216666666666 -13.851783333333334
-8.002983333333333 -14.418233333333335
-7.949333333333334 -14.425399999999998
-7.935133333333333 -14.423683333333335
-7.926466666666666 -14.4205
-7.923749999999999 -14.41715
-7.923833333333333 -14.415616666666665
-7.9243 -14.415299999999998
-7.924916666666666 -14.4144
-7.925 -14.4141
-7.924916666666666 -14.41395
-7.9247 -14.413983333333332
-7.924400000000001 -14.414566666666667
-7.9239 -14.414883333333334
-7.922666666666667 -14.414916666666667
-7.9215833333333325 -14.414299999999999
-7.911966666666666 -14.412733333333332
-7.901166666666668 -14.409849999999999
-7.854466666666667 -14.392783333333334
-6.41335 -13.528416666666665
-3.5929666666666664 -11.1319
-2.0348333333333333 -8.780816666666668
-0.4532166666666667 -7.462466666666668
3.249666666666667 -4.623466666666667
3.907566666666667 -4.579516666666667
4.43205 -5.143183333333334
4.464916666666666 -5.590866666666667
4.464916666666666 -5.989133333333332
4.621449999999999 -6.525450000000001
4.713966666666667 -6.603650000000001
4.7218333333333335 -6.602366666666668
4.729116666666667 -6.603399999999999
4.7325 -6.6062666666666665
4.7383999999999995 -6.60905
4.739466666666667 -6.609833333333334
4.739 -6.612583333333333
4.739216666666667 -6.614866666666668
4.743316666666667 -6.612583333333333
4.7442166666666665 -6.612466666666667
4.744816666666667 -6.613066666666667
4.7443333333333335 -6.613866666666667
4.743533333333334 -6.615166666666666
4.741866666666667 -6.616316666666667
4.739466666666667 -6.6174
4.737933333333333 -6.616916666666667
4.7378833333333334 -6.614383333333334
4.7363 -6.6113
4.7287333333333335 -6.6142666666666665
4.721583333333333 -6.624216666666666
4.672483333333333 -6.707350000000001
4.610883333333334 -6.772916666666667
4.458683333333334 -6.978383333333333
4.143716666666666 -7.8003
4.1766 -8.591316666666668
5.337116666666666 -10.2118
5.851016666666667 -10.859983333333332
6.662533333333332 -12.968250000000001
8.2203 -14.41845
11.040833333333333 -18.3867
12.5893 -19.221666666666668
13.616516666666666 -20.935533333333336
14.452216666666667 -22.353516666666664
14.782283333333332 -23.4748
14.860283333333333 -23.508799999999997
14.885500000000002 -23.5064
14.899450000000002 -23.507216666666668
14.903966666666667 -23.508
14.906550000000001 -23.50886666666667
14.907350000000001 -23.508516666666665
14.907166666666667 -23.507799999999996
14.906266666666665 -23.507583333333333
14.903383333333332 -23.50695
14.902350000000002 -23.495383333333333
14.904549999999999 -23.490533333333328
14.901516666666664 -23.478083333333334
14.904416666666668 -23.46805
14.926833333333331 -23.451800000000002
14.933966666666667 -23.44983333333333
14.998850000000001 -23.404483333333328
15.114550000000001 -23.332216666666667
15.288166666666665 -23.267666666666667
15.707666666666666 -22.730716666666662
16.787566666666667 -21.948783333333335
19.574133333333336 -20.8831
21.804233333333332 -20.3997
25.16438333333333 -18.875216666666667
27.136583333333338 -16.842750000000002
27.81886666666667 -16.293433333333333
28.057616666666664 -16.03095
28.1291 -15.879883333333332
28.184800000000003 -15.746666666666666
28.180116666666663 -15.552299999999999
28.164683333333333 -15.49085
28.141000000000002 -15.4503
28.13561666666667 -15.450383333333331
28.132900000000003 -15.450133333333333
28.131883333333334 -15.449866666666667
28.13195 -15.44885
28.132633333333334 -15.448200000000002
28.13725 -15.446433333333335
28.15011666666667 -15.444516666666667
28.175366666666665 -15.45385
28.187166666666666 -15.435649999999999
28.488000000000003 -14.749150000000002
28.656850000000002 -14.562383333333333
28.724316666666663 -14.106449999999999
28.82543333333333 -13.765866666666666
28.844666666666665 -13.151999999999997
29.538150000000005 -11.235766666666667
30.413666666666668 -10.658983333333333
31.71496666666667 -10.349266666666667
33.10615 -9.909816666666668
34.448483333333336 -8.811183333333334
35.55535 -7.888333333333333
36.326033333333335 -8.241883333333334
37.29356666666667 -9.5163
38.81601666666666 -9.9887
39.98748333333333 -9.9118
40.8656 -9.263616666666667
41.42213333333334 -9.015649999999999
41.55611666666667 -8.985449999999998
41.60003333333334 -8.940816666666667
41.66226666666667 -8.856016666666667
41.66663333333333 -8.841583333333334
41.676249999999996 -8.8374
41.67993333333334 -8.839966666666667
41.683033333333334 -8.840066666666667
41.6842 -8.84005
41.685566666666666 -8.839766666666666
41.68701666666666 -8.839699999999999
41.687733333333334 -8.839816666666668
41.688050000000004 -8.840300000000001
41.687900000000006 -8.840666666666667
41.686683333333335 -8.840816666666665
41.682550000000006 -8.8411
41.675983333333335 -8.84125
41.67126666666666 -8.844316666666666
41.67613333333334 -8.858816666666666
41.698566666666665 -8.866800000000001
41.744099999999996 -8.887633333333333
41.786049999999996 -8.89625
41.84968333333333 -8.91745
41.90208333333333 -8.9171
42.04111666666666 -8.92445
42.107366666666664 -8.923083333333333
42.33938333333334 -9.054300000000001
42.78380000000001 -9.432549999999999
43.229683333333334 -9.454533333333334
43.525150000000004 -9.163383333333334
44.06045000000001 -8.2735
44.37931666666667 -7.520933333333333
44.88329999999999 -5.817616666666667
45.09308333333333 -4.3839
45.355999999999995 -2.7740500000000003
45.71576666666667 -2.1643
45.94351666666667 -1.73035
46.0189 -1.5731
46.05381666666667 -1.5108666666666664
46.080283333333334 -1.3953333333333333
46.064083333333336 -1.33215
46.02881666666667 -1.2669166666666667
46.00306666666667 -1.2113
45.99878333333333 -1.1831500000000001
46.000083333333336 -1.1801833333333334
46.00159999999999 -1.17865
46.00335 -1.1768166666666666
46.0064 -1.1754833333333332
46.007083333333334 -1.1748333333333332
46.00726666666666 -1.1744333333333332